0.0961609483
0.0409166217
0.0263790414
0.0641777217
0.0845304
0.043824
0.195018709
0.0496394448
0.113606602
0.142682448
0.0263786949
-0.0579411387
-0.0404954888
0.0758079216
0.0176562164
0.119421698
0.139774725
-0.00269715744
0.0263786949
0.0612696484
0.0467320681
-0.00560488133
0.116513975
0.0612696484
0.0292864181
-0.0579411387
0.0496394448
0.128144175
0.0234709717
-0.00560488133
0.0758079216
0.00602566777
0.0176562164
0.0351015218
-0.136446223
0.0118407691
0.133959621
-0.0521263853
-0.0346807353
0.0234713182
0.139774725
0.0321937948
-0.00269681076
0.113606252
0.122329079
0.0874381214
-0.00560488133
0.168850586
0.0234709717
0.00893339142