0.0525471717
0.0263786949
0.0903455
0.0990683287
0.0787153
0.125236794
0.0205635931
0.305507362
-0.0172350835
0.0816230252
0.0787153
0.104883775
0.0438243449
0.0729002
0.174665675
0.0903458446
0.122329079
-0.0666639656
-0.0492186584
0.0903455
0.0554545484
-0.00560488133
0.0612696484
0.128144175
0.0699924752
-0.0230505317
-0.00269715744
-0.0521260388
0.0554545484
0.0845307484
0.0525468215
0.101976052
0.0670850947
0.0932532251
0.165942863
0.0351015218
0.00893339142
0.0961609483
0.00021056649
0.0729002
0.0118407691
0.0932535678
0.0321937948
0.0438243449
0.128144175
0.0176558699
0.0641777217
0.0641773716
0.0176562164
0.00893339142