-0.0752180293
-0.0408326909
-0.080647096
-0.104173861
-0.0915056691
-0.0480718128
-0.129510462
-0.0426425263
-0.0896960497
-0.0263546687
-0.06074
-0.0661692917
-0.0354036242
-0.0136864781
-0.0896960497
-0.0697887391
-0.0643594563
-0.125891
-0.0842667669
-0.0571205504
-0.06074
-0.0860763863
-0.0715985745
-0.0715985745
-0.129510462
-0.0571203344
-0.0933152884
-0.0770278648
-0.138559192
-0.107793525
-0.102364242
-0.0209253822
-0.140368819
-0.0752180293
-0.118652098
-0.0444521457
-0.0987445712
-0.0969349593
-0.0842667669
-0.0951253399
-0.0788374767
-0.0191157646
-0.0915056691
-0.0679789
-0.0842667669
-0.107793525
-0.06074
-0.0480718128
-0.0842667669
-0.115032434